0
62
106
25
0
0
682
742
160
16
246
0
21
1176
28
300
0
220
48
520
579
165
276
1
109
1
110
286
21
232
81
241
146
0
0
118
3
85
64
29
18
79
134
0
48
30
6
177
24
1
64
0
50
0
6
9
8
0
43
46
0
14
1
57
9
7
178
7
67
40
16
168
11
0
25
39
252
17
4
26
0
0
18
20
32
0
37
32
20
244
0
0
100
17
35
3
0
7
8
5
8
234
8
110
8
4
48
32
0
5
0
1
60
0
1
0
40
0
1
0
0
29
46
3
7
19
10
3
0
1
29
29
14
0
12
0
31
108
11
0
31
10
0
7
0
4
1
3
53
9
14
13
14
17
0
10
0
23
26
17
12
57
3
30
0
10
0
0
15
1
7
0
0
8
6
3
33
4
0
1
0
9
1
13
4
1
2
1
7
34
0
3
6
2
0
0
0
8
2
13
0
0
4
5
1
0
0
20
0
0
0
7
0
0
12
21
12
0
16
0
2
3
4
0
16
0
9
14
2
11
7
3
0
11
0
1
4
