7249
7705
7131
5045
7367
7364
7871
7103
5057
7724
7099
7373
7802
7401
7405
4319
7453
7438
7113
7423
7117
5329
7641
7195
7577
7240
7021
7390
7385
7524
7194
7357
7318
7337
7089
7213
7327
7202
7641
7476
7190
7750
7533
7424
7094
5327
7087
7627
7550
7328
7413
7390
5895
5838
5068
7244
132
7324
5164
7196
7401
7198
5160
7117
8393
7229
7703
7143
6963
7301
6897
7743
7439
7406
7861
7840
7233
5741
7017
7445
7138
97
7476
5164
7874
7106
7235
6752
6588
7209
7555
7303
7123
7052
7268
7125
6955
5877
7235
7009
7455
7119
7724
7115
7214
7515
7585
7574
7044
7758
7184
3176
7114
7069
7511
7501
7842
7222
7304
5863
7268
5798
7586
6047
7119
7431
7241
4796
7020
7289
7194
6972
7117
5918
7741
5680
7687
7220
4680
7360
7388
5927
7196
5884
3604
7640
96
7506
7283
7470
7172
7084
6759
7867
7145
7859
7110
7231
7216
6960
7426
7356
7513
6995
5702
7484
7049
7266
7259
7478
7174
7378
7255
7611
7260
5157
7064
7752
7155
7488
7937
6139
4866
7815
7499
7254
7733
7480
6788
7300
2643
7112
4861
7638
3415
7308
5875
7214
7247
6567
7374
7595
7719
7247
7106
6262
7635
4746
7285
7434
6955
7572
7249
7320
7317
6539
6658
7111
6300
7434
7002
7021
6156
7477
7564
7032
6562
7777
1445
6717
3374
9574
7323
7359
7523
6166
7405
