0
455
2378
3377
0
0
4452
8549
7713
2295
1968
0
449
10822
125
3471
0
714
141
2961
4677
772
1567
0
211
0
601
2166
128
1971
895
1054
2106
0
0
820
185
694
1080
58
52
656
1763
1
601
666
6
4050
121
3
570
1
105
13
1
86
0
287
248
352
0
10
0
735
591
461
674
4
400
699
177
1819
258
0
30
3486
1729
567
119
168
0
0
22
18
82
0
67
429
50
2201
0
0
1125
125
22
4
0
89
39
3
5
1116
114
563
133
0
267
103
0
28
0
1
420
0
23
1
114
229
1
59
0
93
249
198
0
99
134
0
0
0
3366
128
139
2
135
1
88
949
3
0
173
181
0
4
0
21
0
15
123
65
97
48
499
86
0
33
0
423
149
51
49
407
1
125
45
51
0
0
172
179
33
0
0
31
376
14
182
27
30
1
31
1
0
5
0
0
1
0
145
224
0
2
102
23
0
0
6
86
10
4
0
2
4
13
0
0
0
62
0
0
0
72
0
0
31
108
79
0
113
0
0
5
16
0
50
0
5
37
18
17
7
40
0
84
0
12
13
