10.74578835
5.67168781
22.78202034
16.50035239
43.14066255
43.06142910
8.44550313
40.94277765
19.58749644
34.36599187
30.11559783
36.23527295
5.25156545
81.76960748
38.98915217
29.56623776
13.30500351
55.12608392
18.26486847
24.75320533
29.06859778
11.00564757
10.85533401
19.35639227
14.59451952
60.09991681
51.23592708
11.66870419
36.99969914
31.61698471
16.25606166
38.44635322
16.05421038
19.31320792
34.11744422
24.33997135
19.54250783
14.08050330
7.31077173
11.26942767
5.69929275
21.10620990
25.09006806
53.98147831
15.58991720
5.95894243
8.78902950
12.80240115
50.10533468
11.19734713
11.27769137
14.76952878
8.81984852
2.53958456
2.44948974
6.49604519
1.00000000
12.53293240
5.29001672
6.06845964
21.37755833
14.35454931
12.36931688
18.54118151
20.70465812
19.35695542
18.78233795
8.03340398
12.00288187
24.17410207
8.50089157
18.17603229
17.99745595
13.97222635
5.25316994
42.20551108
14.19958566
4.69036560
6.40312424
7.93515806
16.43167673
1.00000000
17.99428761
9.45316194
6.20643600
50.94445395
11.62097365
18.30300522
4.47793212
30.91013659
11.59343297
11.00000000
24.48919377
11.15576983
2.44948974
16.77634498
11.17901107
10.09938518
12.91321984
6.47398036
22.49240134
23.69138550
4.70220542
8.11597758
12.41465724
4.79583152
13.99820134
14.67600062
18.41195264
4.42976433
15.00000000
4.12310563
16.12971007
9.84055566
8.56566963
12.91941837
6.94363980
21.65684052
20.27313493
3.34782108
28.07133770
4.97605356
6.54789284
4.45891253
16.22166050
7.93725393
8.89413105
7.21110255
17.37814720
14.59451952
43.17321442
8.85698125
5.91607978
17.17556404
14.55729879
8.83176087
8.26149906
26.91369438
4.49608625
13.11487705
5.68752071
13.46304513
11.18563015
10.56288862
1.41421356
4.81605976
1.00000000
11.27927438
21.10364823
4.88946511
10.83798601
6.03441467
17.13445811
4.61483307
21.33673011
4.07204360
12.50340974
15.47779991
6.53356688
4.29312542
6.41549846
20.12566759
5.42159225
6.62399647
3.20175771
5.55943280
18.78829423
11.18033989
11.29389616
20.53255005
5.25976922
9.38824065
10.09950494
4.07442647
17.53599287
2.53208889
14.72681909
7.25769558
7.15488076
6.26446314
6.70415660
3.31662479
8.88819442
4.47955053
3.87298335
14.26085351
5.21432265
4.83492502
8.13818198
10.01504347
1.41421356
5.03885151
1.90211303
8.95160098
1.41421356
12.48999600
2.17008649
8.97236748
11.63499132
3.02044792
10.51034011
2.22158329
5.85679282
7.90791581
9.86018165
6.55743852
12.64911064
3.99063626
13.41640786
6.08276253
7.21110255
7.08549688
11.04580477
14.03566885
6.00087870
9.18055835
7.69463140
8.74576189
5.61466945
14.66287830
10.52887291
8.27176442
4.80632689
3.61803399
4.48798304
8.06225775
3.46410162
3.92585779
1.84775907
6.20567879
2.00000000
9.10829488
10.44075404
7.21843286
12.20655562
4.22798755
6.75748550
