298
1272
2671
8423
2262
2265
9494
9465
15989
2655
2834
1429
2992
12893
2570
5201
182
10945
596
12157
5880
1908
2640
797
2465
3612
5305
2727
2407
2130
3310
7268
2337
373
1210
1070
622
760
6277
695
676
1772
1938
3717
734
1511
330
5673
4197
183
737
254
678
153
142
93
459
497
2051
603
475
856
579
756
814
664
3738
204
688
1153
335
2063
760
256
384
3795
2226
1404
125
269
423
526
1085
852
1285
2909
1568
463
276
2257
285
121
1327
215
331
689
437
717
233
100
783
2622
859
909
381
192
977
1006
456
787
225
305
494
142
100
345
1039
607
411
250
788
246
349
449
728
128
154
300
360
215
3500
424
161
610
750
386
662
966
218
190
259
475
178
721
137
416
533
157
535
121
345
122
747
217
1151
394
192
490
305
316
552
417
271
363
236
107
476
125
179
573
536
101
335
113
581
131
352
218
125
114
102
102
148
336
158
268
179
103
343
260
181
264
427
187
296
156
166
101
208
104
137
144
142
246
121
141
160
191
181
37
109
90
180
198
192
121
154
131
172
220
146
225
133
101
251
117
137
114
99
162
180
108
112
102
149
100
106
