0.00000000
0.35770440
0.89030326
0.40092604
0.00000000
0.00000000
0.46892774
0.90322240
0.48239415
0.86440678
0.69442484
0.00000000
0.15006684
0.83937020
0.04863813
0.66737166
0.00000000
0.06523527
0.23657718
0.24356338
0.79540816
0.40461216
0.59356061
0.00000000
0.08559838
0.00000000
0.11328935
0.79427943
0.05317823
0.92535211
0.27039275
0.14501926
0.90115533
0.00000000
0.00000000
0.76635514
0.29742765
0.91315789
0.17205671
0.08345324
0.07692308
0.37020316
0.90970072
0.00026903
0.81880109
0.44076770
0.01818182
0.71390799
0.02883012
0.01639344
0.77340570
0.00393701
0.15486726
0.08496732
0.00704225
0.92473118
0.00000000
0.57746479
0.12091663
0.58374793
0.00000000
0.01168224
0.00000000
0.97222222
0.72604423
0.69427711
0.18031033
0.01960784
0.58139535
0.60624458
0.52835821
0.88172564
0.33947368
0.00000000
0.07812500
0.91857708
0.77672956
0.40384615
0.95200000
0.62453532
0.00000000
0.00000000
0.02027650
0.02112676
0.06381323
0.00000000
0.04272959
0.92656587
0.18115942
0.97518830
0.00000000
0.00000000
0.84777694
0.58139535
0.06646526
0.00580552
0.00000000
0.12412831
0.16738197
0.03000000
0.00638570
0.42562929
0.13271246
0.61936194
0.34908136
0.00000000
0.27328557
0.10238569
0.00000000
0.03557814
0.00000000
0.00327869
0.85020243
0.00000000
0.23000000
0.00289855
0.10972089
0.37726524
0.00243309
0.23600000
0.00000000
0.37804878
0.71346705
0.44097996
0.00000000
0.77343750
0.87012987
0.00000000
0.00000000
0.00000000
0.96171429
0.30188679
0.86335404
0.00327869
0.18000000
0.00259067
0.13293051
0.98240166
0.01376147
0.00000000
0.66795367
0.38105263
0.00000000
0.00554785
0.00000000
0.05048077
0.00000000
0.09554140
0.22990654
0.53719008
0.28115942
0.39344262
0.66800535
0.39631336
0.00000000
0.08375635
0.00000000
0.86326531
0.48852459
0.16139241
0.08876812
0.97601918
0.00369004
0.34435262
0.19067797
0.47663551
0.00000000
0.00000000
0.96089385
0.31239092
0.06156716
0.00000000
0.00000000
0.27433628
0.64716007
0.10687023
0.51704545
0.12385321
0.24000000
0.00877193
0.30392157
0.00980392
0.00000000
0.01488095
0.00000000
0.00000000
0.00558659
0.00000000
0.42274052
0.86153846
0.00000000
0.00757576
0.23887588
0.12299465
0.00000000
0.00000000
0.03614458
0.85148515
0.04807692
0.03846154
0.00000000
0.01388889
0.02816901
0.05284553
0.00000000
0.00000000
0.00000000
0.32460733
0.00000000
0.00000000
0.00000000
0.80000000
0.00000000
0.00000000
0.16145833
0.89256198
0.51298701
0.00000000
0.65697674
0.00000000
0.00000000
0.02222222
0.12030075
0.00000000
0.19920319
0.00000000
0.03649635
0.32456140
0.18181818
0.10493827
0.03888889
0.37037037
0.00000000
0.82352941
0.00000000
0.12000000
0.12264151
