0.00000000
0.00000000
0.00000000
0.81443666
0.00000000
0.00000000
0.00000000
0.00000000
0.80993183
0.81732580
0.00000000
0.00000000
0.00000000
0.00000000
0.00000000
0.00000000
0.00000000
0.00009137
0.00000000
0.00000000
0.00000000
0.02830189
0.00000000
0.00000000
0.00000000
0.00000000
0.00000000
0.00000000
0.00000000
0.00000000
0.00000000
0.00013759
0.00000000
0.00000000
0.00000000
0.00000000
0.00000000
0.00000000
0.00063725
0.00000000
0.00000000
0.00000000
0.00000000
0.00000000
0.00000000
0.80476506
0.00000000
0.00000000
0.00000000
0.00000000
0.00000000
0.00000000
0.02212389
0.77124183
0.02112676
0.00000000
1.00000000
0.80885312
0.80936129
0.00165837
0.00000000
0.00000000
0.00000000
0.00000000
0.82063882
0.00000000
0.00000000
0.00000000
0.00000000
0.00000000
0.00000000
0.00000000
0.00000000
0.00000000
0.00000000
0.80843215
0.00000000
0.80769231
0.00000000
0.00000000
0.00000000
1.00000000
0.00000000
0.00000000
0.00000000
0.00000000
0.00000000
0.00000000
0.00000000
0.00000000
0.00000000
0.00000000
0.00000000
0.00000000
0.00000000
0.00000000
0.00000000
0.82566248
0.00000000
0.00000000
0.00000000
0.00000000
0.00000000
0.00000000
0.00000000
0.00000000
0.00000000
0.00000000
0.00000000
0.00000000
0.00000000
0.05901639
0.00000000
0.00000000
0.88000000
0.00000000
0.00000000
0.00000000
0.00000000
0.81600000
0.00000000
0.00000000
0.00000000
0.81959911
0.00000000
0.00000000
0.00000000
0.00000000
0.00000000
0.00000000
0.00000000
0.00000000
0.00000000
0.00000000
0.00000000
0.01036269
0.00000000
0.00000000
0.00000000
0.00000000
0.00000000
0.82526316
0.00000000
0.00000000
0.00729927
0.00000000
1.00000000
0.00000000
0.00000000
0.00000000
0.00000000
0.00000000
0.82998661
0.00000000
0.00000000
0.00000000
0.00000000
0.00000000
0.00000000
0.00000000
0.00000000
0.00000000
0.00000000
0.00000000
0.80508475
0.00000000
0.00000000
0.00000000
0.00000000
0.00000000
0.00000000
0.00000000
0.00000000
0.00000000
0.00000000
0.82442748
0.00000000
0.00000000
0.84800000
0.00000000
0.76470588
0.00000000
0.11486486
0.00000000
0.00000000
0.00000000
0.00000000
0.00000000
0.82215743
0.00000000
0.11049724
0.00000000
0.80093677
0.00000000
0.00000000
0.00000000
0.78313253
0.00000000
0.00000000
0.00000000
0.00000000
0.00000000
0.00000000
0.00000000
0.00000000
0.00000000
0.00000000
0.00000000
0.00000000
0.00000000
0.00000000
0.00000000
0.00000000
0.00000000
0.00000000
0.00000000
0.00649351
0.00000000
0.36046512
0.00000000
0.00000000
0.00000000
0.00000000
0.00000000
0.00000000
0.00000000
0.00000000
0.00000000
0.38383838
0.00000000
0.01111111
0.83333333
0.00000000
0.00000000
0.00000000
0.01000000
0.00000000
