3
0
0
0
7
8
2
1
0
0
3
13
0
57
18
0
52
18
10
16
0
0
0
2
6
240
18
0
74
2
8
12
0
162
42
1
0
0
1
6
0
6
1
19
0
0
2
0
83
0
0
14
0
0
0
0
0
0
0
0
103
6
0
0
0
0
8
4
0
9
0
0
9
2
5
0
0
0
0
0
4
0
14
0
5
7
12
0
0
0
4
9
5
0
0
7
0
0
0
0
18
5
0
0
0
4
12
13
2
1
18
0
3
2
0
2
9
0
105
0
21
0
17
0
4
0
0
0
2
3
0
0
0
2
9
0
5
0
0
11
0
0
0
3
0
1
0
9
10
0
23
5
0
0
8
1
4
0
0
0
5
2
0
0
0
0
2
1
0
0
0
0
3
0
0
0
0
3
0
4
0
0
0
5
2
76
2
5
0
0
0
3
0
45
0
1
0
0
6
0
2
0
1
7
1
0
29
0
3
1
0
0
3
4
4
0
0
1
1
16
2
2
0
1
6
2
0
0
0
0
0
0
25
0
26
0
3
