1
54
5
154
1
1
18
5
100
1
14
2
208
1
2
11
2
2
4
10
5
14
158
9
683
1
1
2
3
1
16
1
7
1
6
2
1
2
60
185
11
2
2
2
4
37
18
30
19
1
24
1
4
49
105
3
459
3
74
73
3
1
50
3
3
1
205
11
1
1
3
12
1
1
16
1
4
50
4
1
9
526
8
306
181
1
15
11
10
2
1
1
1
8
246
1
3
79
1
2
1
5
246
50
1
25
54
1
6
232
1
196
1
1
1
2
135
1
1
32
1
1
19
56
2
8
4
84
6
3
5
4
8
83
3
58
148
1
72
4
21
67
1
114
127
61
533
2
1
16
4
12
5
39
6
172
1
1
12
110
179
1
41
35
61
15
7
1
1
1
3
1
5
13
1
59
1
8
5
5
1
23
20
55
30
4
24
13
4
8
180
7
203
5
270
1
42
2
1
53
1
82
27
9
1
15
1
39
2
1
8
3
4
2
4
3
1
1
1
3
1
15
11
18
100
6
63
6
80
3
104
1
2
1
1
5
20
