5526
2873
4181
0
4156
4123
5658
3145
0
9
2525
9057
2340
8291
3198
26
6877
5699
4808
6076
13609
6
10535
7666
10355
11578
9241
10135
7145
5598
4421
5730
1891
13845
7620
12226
3887
11629
3331
9040
10488
8584
4447
12662
2821
8
10284
2769
13601
1641
8232
10801
2
89
24
9054
0
1
0
7260
11164
7555
54
4371
0
6860
10419
5753
10413
3477
3739
9742
7833
7848
5300
14
8799
143
914
10426
4325
0
8802
401
2557
13132
3164
19
5715
8872
6618
10383
6471
12418
9570
11122
1864
0
13397
11332
13372
9465
3183
8533
7216
6186
7937
7331
9164
3253
9491
6
8796
12462
2
6429
4789
3850
9040
4
5194
40
10381
323
12567
5490
7373
11
9163
7717
1430
5965
4691
132
11196
74
4075
11413
8
3957
13642
0
1815
446
7
3775
0
7877
11218
8223
4062
10152
0
3255
11404
3811
10395
2696
6564
3288
10542
8927
3872
10448
49
11668
8313
12021
11170
3206
9881
1894
7691
3853
7579
0
5258
7865
0
9682
1
3
9
2885
1807
11088
2802
6029
1
3703
2
9455
6
10813
8
9843
0
1826
9914
1858
9118
1655
12025
8306
3430
49
2042
0
8435
13575
522
5826
10360
8620
1973
1500
450
9234
4
3624
9990
2044
266
2622
13509
7870
937
5933
0
1620
0
0
11515
4611
1466
3
13113
