9345
8044
13676
1
7953
7406
7848
8791
1
8
10769
11173
2901
12549
13991
5
11206
13185
10651
14285
14124
4
13594
2758
13470
10045
13040
11802
13668
6249
12114
13795
5628
13264
8726
9086
9263
10656
3905
13255
9253
13657
9972
13354
14101
49
10902
13500
14106
7333
5872
12036
4
143
19
6573
0
2
0
12795
13952
9644
18
10048
2
3909
13628
11203
2370
6831
10674
14445
7408
5588
9885
9
9125
147
34
10929
7597
0
13139
139
4271
13656
9279
14
1734
3996
11279
12778
9766
12090
9239
8763
12031
0
9239
12923
12652
13881
4675
3900
5964
1739
9824
13268
12269
4538
11588
5
5817
12069
2
11158
3193
11825
6533
35
10693
5
12896
257
13144
2445
9453
21
12640
9604
6736
10377
9574
415
13405
147
6115
6736
1
11052
10849
0
8728
796
1
6129
0
12663
7924
5313
9769
6059
1
5704
14270
5264
11572
8691
8344
1233
10803
3299
4765
9976
70
2604
10778
10174
10111
10999
8403
11902
12305
5840
3488
0
7448
13830
1
9654
2
1
20
7657
3356
14218
2770
9014
9
12116
0
12563
6
13839
3
10115
5
4269
12615
616
12262
3144
13979
8329
7869
34
10461
0
9383
11446
4190
4039
11032
11117
11455
413
45
2548
4
12489
10547
10769
153
3973
11522
10661
145
8711
0
14
0
1
12596
13932
9966
2
12045
