1231
1099
934
779
903
918
1100
1018
845
545
816
1190
842
1317
1094
890
1280
844
977
696
977
1216
1269
1027
1225
1376
944
990
1101
816
775
789
1078
1335
1160
680
786
641
971
1355
638
955
1136
1325
687
1310
818
773
1111
703
1056
1232
781
1142
953
1230
832
574
748
1267
1260
976
959
742
549
662
1195
985
1151
930
804
1036
942
1153
925
597
1068
1306
839
822
961
646
990
878
998
1100
818
964
722
839
1095
1395
992
758
796
895
1008
939
677
1059
1075
916
948
1096
788
1049
1279
914
1062
1007
1550
772
692
1081
1441
914
1088
865
1300
1437
1311
647
1828
1422
929
1171
1027
885
1033
1088
443
659
544
962
913
888
1163
429
914
1117
1478
903
707
945
946
812
645
1064
1207
1188
989
795
931
1285
926
1121
939
825
748
1040
1067
1181
863
939
1184
791
1019
1109
758
855
643
999
971
972
681
1134
626
899
1106
953
1080
808
850
985
1153
1289
1039
1064
742
1667
828
955
1228
1366
743
1171
1106
624
1022
904
1314
1043
1115
1019
776
816
1261
629
1119
1602
761
1202
1091
1123
747
1226
680
1021
1064
1183
1023
830
948
1137
1475
985
963
1638
521
722
894
676
1271
1094
1269
734
864
