6
258
101
1517
7
6
1756
236
2225
119
90
5
970
164
57
876
3
147
31
402
308
359
512
24
683
1
39
141
59
57
233
123
74
1
6
54
20
23
1449
185
111
105
83
2
46
496
47
427
99
14
66
9
145
100
110
5
459
71
691
140
3
21
136
12
57
42
753
34
93
43
52
75
41
3
47
120
138
505
4
20
9
526
45
353
358
4
83
11
66
25
6
1
79
27
248
20
20
235
14
13
38
120
272
122
39
27
185
84
6
308
1
196
21
3
12
5
192
17
1
110
1
30
103
209
24
10
9
84
6
3
51
66
8
86
61
59
223
22
102
4
58
156
7
122
127
153
533
8
12
22
41
29
81
64
13
204
5
15
52
158
227
4
82
92
139
22
7
1
4
16
73
3
7
24
39
110
22
39
27
18
17
31
20
62
31
11
29
25
76
19
180
21
363
24
271
1
103
7
16
57
2
93
30
30
4
19
1
74
2
1
8
7
5
2
48
8
21
3
41
3
5
42
31
27
116
6
75
27
86
37
165
12
3
5
1
25
32
