28
1
0
2
5
8
33
4
28
0
37
162
3
52
213
3
12
906
22
307
11
13
2
83
39
349
424
7
114
2
27
418
0
39
110
5
0
0
10
32
0
37
2
377
0
0
27
3
382
6
0
29
26
0
1
0
48
0
8
0
48
53
14
0
2
1
54
14
3
13
3
1
19
26
12
0
0
0
0
0
47
13
107
24
22
302
45
0
0
0
21
15
5
1
0
64
48
5
19
9
90
42
0
4
0
10
60
51
1
5
19
0
1
17
0
37
25
0
31
1
94
0
0
0
68
0
0
4
0
2
0
3
0
4
18
2
37
0
9
1
0
0
4
33
0
1
12
8
4
0
17
1
1
1
129
4
22
0
1
4
11
1
3
2
0
0
0
15
0
0
0
12
43
0
1
2
0
5
0
5
0
1
12
7
10
21
6
8
0
1
1
13
0
2
0
15
0
0
13
0
17
3
11
11
2
0
0
0
1
5
14
0
8
1
9
0
0
10
1
9
14
4
4
4
5
2
2
5
2
8
6
0
15
0
0
2
2
